{
    "objective": "regression_l1",
    "metric": "l1",
    "verbosity": -1,
    "random_state": 42,
    "boosting_type": "gbdt",
    "learning_rate": 0.02656021816583653,
    "lambda_l1": 2.4819045842659324e-06,
    "lambda_l2": 0.17941857237883563,
    "feature_fraction": 0.5384749572183165,
    "bagging_fraction": 0.9986903735606857,
    "bagging_freq": 3,
    "num_iterations": 328,
    "max_depth": 16,
    "num_leaves": 187,
    "min_child_samples": 20
}